FID,lat,lon
0,40.751991679500001,-73.965390049299998
1,40.751991460399999,-73.964668196000005
2,40.752541053599998,-73.966833482599995
3,40.752540843500000,-73.966111623299994
4,40.752540628799999,-73.965389764099996
5,40.752540409700003,-73.964667904799995
6,40.753089792700003,-73.966111344100000
7,40.753089578100003,-73.965389478899993
8,40.753089359000001,-73.964667613700001
9,40.753089135300002,-73.963945748499995
10,40.753638742000000,-73.966111064800003
11,40.753638527299998,-73.965389193700005
12,40.753638308200003,-73.964667322500006
13,40.753638084499997,-73.963945451399994
14,40.753637856300003,-73.963223580299996
15,40.754187901300000,-73.966832662599998
16,40.754187691200002,-73.966110785500007
17,40.754187476500000,-73.965388908400001
18,40.754187257399998,-73.964667031299996
19,40.754187033699999,-73.963945154300006
20,40.754186805499998,-73.963223277200001
21,40.754186572700000,-73.962501400099995
22,40.754737645600002,-73.969719921500001
23,40.754737453600001,-73.968998038500004
24,40.754737056000003,-73.967554272300006
25,40.754736850400000,-73.966832389299995
26,40.754736640300003,-73.966110506199996
27,40.754736425700003,-73.965388623199999
28,40.754736206499999,-73.964666740200002
29,40.754735982800000,-73.963944857100003
30,40.754735754599999,-73.963222974100006
31,40.754735521900002,-73.962501091099995
32,40.755286965200000,-73.971163450000006
33,40.755286782200002,-73.970441561000001
34,40.755286594700003,-73.969719671999997
35,40.755286402700001,-73.968997783000006
36,40.755286206199997,-73.968275894000001
37,40.755286005099997,-73.967554004999997
38,40.755285799500001,-73.966832116000006
39,40.755285589400003,-73.966110227000001
40,40.755285374800003,-73.965388337999997
41,40.755285155599999,-73.964666449000006
42,40.755284931900000,-73.963944560000002
43,40.755284703699999,-73.963222670999997
44,40.755284471000003,-73.962500782099994
45,40.755284233700003,-73.961778893100004
46,40.755836266700001,-73.972607002299995
47,40.755836092700001,-73.971885107299997
48,40.755835914300000,-73.971163212400000
49,40.755835731300003,-73.970441317400002
50,40.755835543800004,-73.969719422400004
51,40.755835351800002,-73.968997527499994
52,40.755835155200003,-73.968275632499996
53,40.755834954199997,-73.967553737599999
54,40.755834748600002,-73.966831842600001
55,40.755834538400002,-73.966109947700005
56,40.755834323800002,-73.965388052700007
57,40.755834104599998,-73.964666157799996
58,40.755833880899999,-73.963944262900000
59,40.755833652699998,-73.963222367900002
60,40.755833420000002,-73.962500473000006
61,40.755833182700002,-73.961778578099995
62,40.755832941000001,-73.961056683199999
63,40.756385385100003,-73.973328677500007
64,40.756385215700000,-73.972606776600003
65,40.756385041700000,-73.971884875599997
66,40.756384863299999,-73.971162974699993
67,40.756384680300002,-73.970441073800004
68,40.756384492800002,-73.969719172900000
69,40.756384300800001,-73.968997271999996
70,40.756384104200002,-73.968275371100006
71,40.756383903200003,-73.967553470200002
72,40.756383697600000,-73.966831569299998
73,40.756383487500003,-73.966109668399994
74,40.756383272800001,-73.965387767500005
75,40.756383053599997,-73.964665866600001
76,40.756382830000000,-73.963943965699997
77,40.756382601699997,-73.963222064899995
78,40.756382369000001,-73.962500164000005
79,40.756382131700001,-73.961778263100001
80,40.756381889899998,-73.961056362299999
81,40.756381643600001,-73.960334461399995
82,40.756934659300001,-73.974772271500001
83,40.756934498900002,-73.974050364600004
84,40.756934334100002,-73.973328457700006
85,40.756934164699999,-73.972606550799995
86,40.756933990699999,-73.971884643899998
87,40.756933812299998,-73.971162737100002
88,40.756933629300001,-73.970440830200005
89,40.756933441800001,-73.969718923299993
90,40.756933249799999,-73.968997016499998
91,40.756933053200001,-73.968275109600000
92,40.756932852100000,-73.967553202800005
93,40.756932646499997,-73.966831295899993
94,40.756932436400000,-73.966109389099998
95,40.756932221800000,-73.965387482200001
96,40.756932002600003,-73.964665575400005
97,40.756931778899997,-73.963943668599995
98,40.756931550700003,-73.963221761800000
99,40.756931317999999,-73.962499854900003
100,40.756931080699999,-73.961777948100007
101,40.756930838899997,-73.961056041299997
102,40.756930592600000,-73.960334134500002
103,40.757483915400002,-73.976215889200006
104,40.757483764100002,-73.975493976400003
105,40.757483608199998,-73.974772063600000
106,40.757483447900000,-73.974050150699995
107,40.757483282999999,-73.973328237900006
108,40.757483113600003,-73.972606325100003
109,40.757482939699997,-73.971884412199998
110,40.757482761200002,-73.971162499399995
111,40.757482578199998,-73.970440586600006
112,40.757482390699998,-73.969718673800003
113,40.757482198700004,-73.968996761000000
114,40.757482002099998,-73.968274848199997
115,40.757481801099999,-73.967552935399993
116,40.757481595500003,-73.966831022600005
117,40.757481385299997,-73.966109109800001
118,40.757481170699997,-73.965387196999998
119,40.757480951500000,-73.964665284199995
120,40.757480727800001,-73.963943371400006
121,40.757480499600000,-73.963221458700005
122,40.757480266899996,-73.962499545900002
123,40.757480029600003,-73.961777633099999
124,40.757479787800001,-73.961055720399997
125,40.757479541499997,-73.960333807599994
126,40.757479290699997,-73.959611894899993
127,40.758033153299998,-73.977659530799997
128,40.758033011099997,-73.976937612000000
129,40.758032864299999,-73.976215693200004
130,40.758032712999999,-73.975493774399993
131,40.758032557100002,-73.974771855599997
132,40.758032396799997,-73.974049936900002
133,40.758032231900003,-73.973328018100005
134,40.758032062500000,-73.972606099299995
135,40.758031888600001,-73.971884180499998
136,40.758031710099999,-73.971162261800004
137,40.758031527100002,-73.970440343000007
138,40.758031339600002,-73.969718424199996
139,40.758031147600001,-73.968996505500002
140,40.758030951000002,-73.968274586700005
141,40.758030750000003,-73.967552667999996
142,40.758030544400000,-73.966830749200000
143,40.758030334200001,-73.966108830500005
144,40.758030119600001,-73.965386911699994
145,40.758029900399997,-73.964664993000000
146,40.758029676699998,-73.963943074300005
147,40.758029448499997,-73.963221155599996
148,40.758029215699999,-73.962499236799999
149,40.758028978500001,-73.961777318100005
150,40.758028736699998,-73.961055399399996
151,40.758028490400001,-73.960333480700001
152,40.758028239500000,-73.959611562000006
153,40.758582373199999,-73.979103196200001
154,40.758582239900001,-73.978381271499998
155,40.758582102200002,-73.977659346699994
156,40.758581959899999,-73.976937422000006
157,40.758581813100001,-73.976215497200002
158,40.758581661800001,-73.975493572500000
159,40.758581505999999,-73.974771647699995
160,40.758581345600000,-73.974049722999993
161,40.758581180699998,-73.973327798300005
162,40.758581011300002,-73.972605873500001
163,40.758580837399997,-73.971883948799999
164,40.758580658900001,-73.971162024099996
165,40.758580475999999,-73.970440099399994
166,40.758580288499999,-73.969718174700006
167,40.758580096400003,-73.968996250000004
168,40.758579899899999,-73.968274325300001
169,40.758579698799998,-73.967552400599999
170,40.758579493200003,-73.966830475899997
171,40.758579283099998,-73.966108551199994
172,40.758579068400003,-73.965386626500006
173,40.758578849199999,-73.964664701800004
174,40.758578625500000,-73.963942777100002
175,40.758578397299999,-73.963220852399999
176,40.758578164600003,-73.962498927799999
177,40.758577927300003,-73.961777003099996
178,40.758577685500001,-73.961055078499996
179,40.758577439200003,-73.960333153799994
180,40.758577188300002,-73.959611229199993
181,40.759131574800001,-73.980546885400003
182,40.759131450700004,-73.979824954700007
183,40.759131322000002,-73.979103023999997
184,40.759131188799998,-73.978381093300001
185,40.759131050999997,-73.977659162600006
186,40.759130908700001,-73.976937231899996
187,40.759130761999998,-73.976215301200000
188,40.759130610600003,-73.975493370500004
189,40.759130454800001,-73.974771439799994
190,40.759130294400002,-73.974049509099999
191,40.759130129500001,-73.973327578400003
192,40.759129960099997,-73.972605647799995
193,40.759129786199999,-73.971883717099999
194,40.759129607699997,-73.971161786400003
195,40.759129424800001,-73.970439855799995
196,40.759129237300002,-73.969717925099999
197,40.759129045199998,-73.968995994400004
198,40.759128848700001,-73.968274063799996
199,40.759128647600001,-73.967552133100000
200,40.759128441999998,-73.966830202500006
201,40.759128231900000,-73.966108271799996
202,40.759128017199998,-73.965386341200002
203,40.759127798000002,-73.964664410599994
204,40.759127574300003,-73.963942480000000
205,40.759127346100001,-73.963220549300004
206,40.759127113300003,-73.962498618699996
207,40.759126876099998,-73.961776688100002
208,40.759126634300003,-73.961054757499994
209,40.759680523599997,-73.980546725099998
210,40.759680399399997,-73.979824788399995
211,40.759680270700002,-73.979102851799993
212,40.759680137499998,-73.978380915100004
213,40.759679999799999,-73.977658978500003
214,40.759679857499997,-73.976937041799999
215,40.759679710699999,-73.976215105199998
216,40.759679559399999,-73.975493168499995
217,40.759679403600003,-73.974771231899993
218,40.759679243199997,-73.974049295300006
219,40.759679078300003,-73.973327358600002
220,40.759678908900000,-73.972605422000001
221,40.759678735000001,-73.971883485399999
222,40.759678556499999,-73.971161548799998
223,40.759678373500002,-73.970439612099995
224,40.759678186000002,-73.969717675499993
225,40.759677994000000,-73.968995738900006
226,40.759677797400002,-73.968273802300004
227,40.759677596300001,-73.967551865700003
228,40.759677390699999,-73.966829929100001
229,40.759677180600001,-73.966107992500000
230,40.759676965899999,-73.965386055899998
231,40.759676746799997,-73.964664119399998
232,40.759676523099998,-73.963942182799997
233,40.759676294800002,-73.963220246199995
234,40.759676062099999,-73.962498309599994
235,40.760229472299997,-73.980546564799994
236,40.760229348199999,-73.979824622099997
237,40.760229219499998,-73.979102679500002
238,40.760229086199999,-73.978380736899993
239,40.760228948500000,-73.977658794299998
240,40.760228806199997,-73.976936851700003
241,40.760228659399999,-73.976214909099994
242,40.760228508099999,-73.975492966600001
243,40.760228352299997,-73.974771024000006
244,40.760228191899998,-73.974049081399997
245,40.760228026999997,-73.973327138800002
246,40.760227857600000,-73.972605196200007
247,40.760227683700002,-73.971883253599998
248,40.760227505200000,-73.971161311100005
249,40.760227322200002,-73.970439368499996
250,40.760227134700003,-73.969717426000003
251,40.760226942700001,-73.968995483399993
252,40.760226746100003,-73.968273540799999
253,40.760226545000002,-73.967551598300005
254,40.760226339399999,-73.966829655699996
255,40.760226129300001,-73.966107713200003
256,40.760225914599999,-73.965385770699996
257,40.760225695499997,-73.964663828100001
258,40.760225471799998,-73.963941885599993
259,40.760778655800003,-73.981990301600007
260,40.760778540700002,-73.981268353000004
261,40.760778420999998,-73.980546404400002
262,40.760778296799998,-73.979824455900001
263,40.760778168199998,-73.979102507299999
264,40.760778034900000,-73.978380558799998
265,40.760777897200001,-73.977658610199995
266,40.760777754899998,-73.976936661699995
267,40.760777608100000,-73.976214713100006
268,40.760777456800000,-73.975492764600006
269,40.760777300999997,-73.974770816000003
270,40.760777140599998,-73.974048867500002
271,40.760776975699997,-73.973326919000002
272,40.760776806300001,-73.972604970399999
273,40.760776632300001,-73.971883021899998
274,40.760776453900000,-73.971161073399998
275,40.760776270900003,-73.970439124899997
276,40.760776083400003,-73.969717176399996
277,40.760775891300000,-73.968995227899995
278,40.760775694800003,-73.968273279399995
279,40.760775493700002,-73.967551330899994
280,40.760775288100000,-73.966829382399993
281,40.760775078000002,-73.966107433900007
282,40.760774863300000,-73.965385485400006
283,40.761327821099997,-73.983434062200004
284,40.761327715000000,-73.982712107599994
285,40.761327604400002,-73.981990153100000
286,40.761327489300001,-73.981268198600006
287,40.761327369699998,-73.980546244099997
288,40.761327245499999,-73.979824289600003
289,40.761327116799997,-73.979102335099995
290,40.761326983600000,-73.978380380600001
291,40.761326845799999,-73.977658426100007
292,40.761326703599998,-73.976936471599998
293,40.761326556800000,-73.976214517100004
294,40.761326405399998,-73.975492562599996
295,40.761326249600003,-73.974770608100002
296,40.761326089199997,-73.974048653599993
297,40.761325924300003,-73.973326699099999
298,40.761325754900000,-73.972604744700007
299,40.761325581000001,-73.971882790199999
300,40.761325402499999,-73.971160835700005
301,40.761325219500002,-73.970438881199996
302,40.761325032000002,-73.969716926800004
303,40.761324840000000,-73.968994972299996
304,40.761324643400002,-73.968273017900003
305,40.761324442300001,-73.967551063399995
306,40.761324236699998,-73.966829109000003
307,40.761324026600001,-73.966107154499994
308,40.761876968300001,-73.984877846600000
309,40.761876871299997,-73.984155886099998
310,40.761876769700002,-73.983433925599996
311,40.761876663599999,-73.982711965199996
312,40.761876553000000,-73.981990004699995
313,40.761876437900000,-73.981268044199993
314,40.761876318299997,-73.980546083799993
315,40.761876194099997,-73.979824123300006
316,40.761876065400003,-73.979102162800004
317,40.761875932199999,-73.978380202400004
318,40.761875794399998,-73.977658241900002
319,40.761875652100002,-73.976936281500002
320,40.761875505299997,-73.976214321000000
321,40.761875353999997,-73.975492360600001
322,40.761875198200002,-73.974770400200001
323,40.761875037800003,-73.974048439699999
324,40.761874872900002,-73.973326479299999
325,40.761874703499998,-73.972604518899999
326,40.761874529600000,-73.971882558399997
327,40.761874351099998,-73.971160597999997
328,40.761874168100000,-73.970438637599997
329,40.761873980600001,-73.969716677199997
330,40.761873788499997,-73.968994716799997
331,40.761873592000001,-73.968272756399998
332,40.761873390900000,-73.967550795999998
333,40.762426097300001,-73.986321654799994
334,40.762426009400002,-73.985599688400001
335,40.762425916900000,-73.984877721900006
336,40.762425819800001,-73.984155755499998
337,40.762425718300001,-73.983433789100005
338,40.762425612199998,-73.982711822699997
339,40.762425501599999,-73.981989856300004
340,40.762425386499999,-73.981267889799994
341,40.762425266800001,-73.980545923400001
342,40.762425142600001,-73.979823956999994
343,40.762425013900000,-73.979101990600000
344,40.762424880700003,-73.978380024200007
345,40.762424742999997,-73.977658057799999
346,40.762424600700001,-73.976936091400006
347,40.762424453900003,-73.976214124999998
348,40.762424302600003,-73.975492158600005
349,40.762424146699999,-73.974770192199998
350,40.762423986400002,-73.974048225800004
351,40.762423821500001,-73.973326259499999
352,40.762423652000003,-73.972604293100005
353,40.762423478099997,-73.971882326699998
354,40.762423299600002,-73.971160360300004
355,40.762423116599997,-73.970438393999999
356,40.762422929099998,-73.969716427600005
357,40.762422737100003,-73.968994461199998
358,40.762975129300003,-73.987043514400000
359,40.762975045899999,-73.986321542100001
360,40.762974957899999,-73.985599569700000
361,40.762974865399997,-73.984877597299999
362,40.762974768299998,-73.984155624899998
363,40.762974666799998,-73.983433652599999
364,40.762974560700002,-73.982711680199998
365,40.762974450100003,-73.981989707799997
366,40.762974335000003,-73.981267735399996
367,40.762974215299998,-73.980545763099997
368,40.762974091099998,-73.979823790699996
369,40.762973962399997,-73.979101818399997
370,40.762973829200000,-73.978379845999996
371,40.762973691500001,-73.977657873699997
372,40.762973549199998,-73.976935901299996
373,40.762973402400000,-73.976213928999996
374,40.762973251100000,-73.975491956599996
375,40.762973095200003,-73.974769984299996
376,40.762972934899999,-73.974048011899995
377,40.762972769999998,-73.973326039599996
378,40.762972600499999,-73.972604067299997
379,40.762972426600001,-73.971882094999998
380,40.762972248099999,-73.971160122599997
381,40.762972065100001,-73.970438150299998
382,40.763524231100000,-73.988487364299999
383,40.763524156700001,-73.987765386000007
384,40.763524077800000,-73.987043407599998
385,40.763523994300002,-73.986321429300006
386,40.763523906300001,-73.985599450999999
387,40.763523813799999,-73.984877472700006
388,40.763523716800002,-73.984155494299998
389,40.763523615300002,-73.983433516000005
390,40.763523509199999,-73.982711537699998
391,40.763523398600000,-73.981989559400006
392,40.763523283399998,-73.981267581099999
393,40.763523163800002,-73.980545602700005
394,40.763523039600003,-73.979823624399998
395,40.763522910900001,-73.979101646100005
396,40.763522777699997,-73.978379667799999
397,40.763522639900003,-73.977657689500006
398,40.763522497700002,-73.976935711199999
399,40.763522350899997,-73.976213732900007
400,40.763522199500002,-73.975491754600000
401,40.763522043700000,-73.974769776299993
402,40.763521883300001,-73.974047798100003
403,40.763521718400000,-73.973325819799996
404,40.763521548999996,-73.972603841500003
405,40.763521375000003,-73.971881863199997
406,40.764073314800001,-73.989931237999997
407,40.764073249399999,-73.989209253699997
408,40.764073179599997,-73.988487269399997
409,40.764073105100003,-73.987765285099997
410,40.764073026200002,-73.987043300899998
411,40.764072942799999,-73.986321316599998
412,40.764072854799998,-73.985599332299998
413,40.764072762300003,-73.984877347999998
414,40.764072665199997,-73.984155363699998
415,40.764072563699997,-73.983433379499999
416,40.764072457600001,-73.982711395199999
417,40.764072347000003,-73.981989410899999
418,40.764072231900002,-73.981267426700001
419,40.764072112199997,-73.980545442400000
420,40.764071987999998,-73.979823458100000
421,40.764071859300003,-73.979101473900002
422,40.764071726099999,-73.978379489600002
423,40.764071588299998,-73.977657505400003
424,40.764071446099997,-73.976935521100003
425,40.764071299299999,-73.976213536900005
426,40.764071147899998,-73.975491552600005
427,40.764070992100002,-73.974769568400006
428,40.764070831700003,-73.974047584199994
429,40.764070666800002,-73.973325599899994
430,40.764070497399999,-73.972603615699995
431,40.764622380299997,-73.991375135499993
432,40.764622324000001,-73.990653145300001
433,40.764622263200003,-73.989931154999994
434,40.764622197800001,-73.989209164800002
435,40.764622127899997,-73.988487174499994
436,40.764622053499998,-73.987765184300002
437,40.764621974599997,-73.987043194099996
438,40.764621891099999,-73.986321203800003
439,40.764621803200001,-73.985599213599997
440,40.764621710599997,-73.984877223400005
441,40.764621613599999,-73.984155233099997
442,40.764621512100000,-73.983433242900006
443,40.764621406000003,-73.982711252700000
444,40.764621295399998,-73.981989262499994
445,40.764621180200002,-73.981267272300002
446,40.764621060600000,-73.980545282099996
447,40.764620936400000,-73.979823291800002
448,40.764620807699998,-73.979101301599997
449,40.764620674500001,-73.978379311400005
450,40.764620536700001,-73.977657321199999
451,40.764620394399998,-73.976935331000007
452,40.764620247600000,-73.976213340800001
453,40.764620096300000,-73.975491350599995
454,40.764619940499998,-73.974769360400003
455,40.764619780099999,-73.974047370199997
456,40.765171427699997,-73.992819056800002
457,40.765171380500000,-73.992097060600003
458,40.765171328699999,-73.991375064400003
459,40.765171272400003,-73.990653068200004
460,40.765171211499997,-73.989931072000005
461,40.765171146199997,-73.989209075800005
462,40.765171076300000,-73.988487079600006
463,40.765171001900001,-73.987765083499994
464,40.765170922899998,-73.987043087299995
465,40.765170839500001,-73.986321091099995
466,40.765170751500001,-73.985599094899996
467,40.765170658999999,-73.984877098699997
468,40.765170561900000,-73.984155102599999
469,40.765170460400000,-73.983433106400000
470,40.765170354299997,-73.982711110200000
471,40.765170243699998,-73.981989114000001
472,40.765170128599998,-73.981267117900003
473,40.765170008900000,-73.980545121700004
474,40.765169884700001,-73.979823125500005
475,40.765169755999999,-73.979101129399993
476,40.765169622800002,-73.978379133199994
477,40.765169485000001,-73.977657137099996
478,40.765169342800000,-73.976935140899997
479,40.765169196000002,-73.976213144799999
480,40.765169044600000,-73.975491148600000
481,40.765720418800001,-73.993540999800004
482,40.765720375999997,-73.992818997599997
483,40.765720328800001,-73.992096995500006
484,40.765720277000000,-73.991374993299999
485,40.765720220699997,-73.990652991199994
486,40.765720159799997,-73.989930989000001
487,40.765720094499997,-73.989208986899996
488,40.765720024600000,-73.988486984800005
489,40.765719950200001,-73.987764982599998
490,40.765719871199998,-73.987042980499993
491,40.765719787800002,-73.986320978300000
492,40.765719699800002,-73.985598976199995
493,40.765719607299999,-73.984876974100004
494,40.765719510200000,-73.984154971999999
495,40.765719408700001,-73.983432969800006
496,40.765719302599997,-73.982710967700001
497,40.765719191999999,-73.981988965599996
498,40.765719076899998,-73.981266963500005
499,40.765718957200001,-73.980544961299998
500,40.765718833000001,-73.979822959200007
501,40.765718704299999,-73.979100957100002
502,40.765718571100003,-73.978378954999997
503,40.765718433300002,-73.977656952900006
504,40.765718290999999,-73.976934950800000
505,40.766269438899997,-73.994984962700002
506,40.766269405199999,-73.994262954600003
507,40.766269367000000,-73.993540946500005
508,40.766269324299998,-73.992818938400006
509,40.766269276999999,-73.992096930299994
510,40.766269225199999,-73.991374922199995
511,40.766269168900003,-73.990652914099996
512,40.766269108099998,-73.989930905999998
513,40.766269042700003,-73.989208897899999
514,40.766268972799999,-73.988486889900003
515,40.766268898400000,-73.987764881800004
516,40.766268819499999,-73.987042873700005
517,40.766268736000001,-73.986320865600007
518,40.766268648000000,-73.985598857499994
519,40.766268555499998,-73.984876849399996
520,40.766268458500001,-73.984154841399999
521,40.766268356900000,-73.983432833300000
522,40.766268250800003,-73.982710825200002
523,40.766268140199998,-73.981988817100003
524,40.766268025099997,-73.981266809100006
525,40.766267905399999,-73.980544800999994
526,40.766267781300002,-73.979822792899995
527,40.766267652499998,-73.979100784899998
528,40.766267519300001,-73.978378776800000
529,40.766267381600002,-73.977656768700001
530,40.766818440900003,-73.996428949500000
531,40.766818416299998,-73.995706935399994
532,40.766818387100002,-73.994984921400004
533,40.766818353399998,-73.994262907299998
534,40.766818315199998,-73.993540893299993
535,40.766818272499997,-73.992818879200001
536,40.766818225199998,-73.992096865199997
537,40.766818173399997,-73.991374851100005
538,40.766818117100001,-73.990652837100001
539,40.766818056300004,-73.989930822999995
540,40.766817990900002,-73.989208809000004
541,40.766817920999998,-73.988486795000000
542,40.766817846599999,-73.987764780899994
543,40.766817767699997,-73.987042766900004
544,40.766817684199999,-73.986320752799998
545,40.766817596199999,-73.985598738799993
546,40.766817503699997,-73.984876724800003
547,40.766817406700000,-73.984154710799999
548,40.766817305099998,-73.983432696700007
549,40.766817199000002,-73.982710682700002
550,40.766817088400003,-73.981988668699998
551,40.766816973300003,-73.981266654699994
552,40.766816853599998,-73.980544640600002
553,40.766816729399999,-73.979822626599997
554,40.766816600699997,-73.979100612600007
555,40.767367389100002,-73.996428920000000
556,40.767367364499997,-73.995706900000002
557,40.767367335300001,-73.994984880000004
558,40.767367301599997,-73.994262860000006
559,40.767367263399997,-73.993540839999994
560,40.767367220600001,-73.992818819999997
561,40.767367173399997,-73.992096799999999
562,40.767367121600003,-73.991374780000001
563,40.767367065300000,-73.990652760000003
564,40.767367004400000,-73.989930740099993
565,40.767366939100000,-73.989208720099995
566,40.767366869200004,-73.988486700099998
567,40.767366794799997,-73.987764680100000
568,40.767366715800001,-73.987042660100002
569,40.767366632399998,-73.986320640100004
570,40.767366544399998,-73.985598620100006
571,40.767366451900003,-73.984876600099994
572,40.767366354799996,-73.984154580099997
573,40.767366253299997,-73.983432560200001
574,40.767366147200001,-73.982710540200003
575,40.767366036600002,-73.981988520200005
576,40.767365921400000,-73.981266500199993
577,40.767365801799997,-73.980544480299997
578,40.767916312600001,-73.995706864699997
579,40.767916283399998,-73.994984838700006
580,40.767916249700001,-73.994262812800002
581,40.767916211500001,-73.993540786799997
582,40.767916168799999,-73.992818760800006
583,40.767916121500001,-73.992096734900002
584,40.767916069700000,-73.991374708999999
585,40.767916013399997,-73.990652682999993
586,40.767915952599999,-73.989930657100004
587,40.767915887199997,-73.989208631099999
588,40.767915817300000,-73.988486605199995
589,40.767915742900001,-73.987764579200004
590,40.767915663899998,-73.987042553300000
591,40.767915580500002,-73.986320527299995
592,40.767915492500002,-73.985598501400005
593,40.767915400000000,-73.984876475500002
594,40.767915302900001,-73.984154449499997
595,40.767915201400001,-73.983432423599993
596,40.767915095299998,-73.982710397700004
597,40.768465305399999,-73.997150893099999
598,40.768465285300003,-73.996428861200002
599,40.768465260699998,-73.995706829300005
600,40.768465231500002,-73.994984797399994
601,40.768465197799998,-73.994262765499997
602,40.768465159599998,-73.993540733600000
603,40.768465116800002,-73.992818701700003
604,40.768465069599998,-73.992096669800006
605,40.768465017799997,-73.991374637899995
606,40.768464961500001,-73.990652605999998
607,40.768464900600001,-73.989930574100001
608,40.768464835300001,-73.989208542200004
609,40.768464765399997,-73.988486510300007
610,40.768464690999998,-73.987764478399995
611,40.768464612000002,-73.987042446499999
612,40.768464528599999,-73.986320414600002
613,40.768464440599999,-73.985598382700005
614,40.768464348099997,-73.984876350799993
615,40.768464250999997,-73.984154318899996
616,40.768464149499998,-73.983432286999999
617,40.768464043400002,-73.982710255200004
618,40.769014280100002,-73.998594945299999
619,40.769014269000003,-73.997872907499996
620,40.769014233299998,-73.996428831700001
621,40.769014208700000,-73.995706793899998
622,40.769014179499997,-73.994984755999994
623,40.769014145800000,-73.994262718200005
624,40.769014107600000,-73.993540680300001
625,40.769014064899999,-73.992818642499998
626,40.769014017600000,-73.992096604599993
627,40.769013965799999,-73.991374566800005
628,40.769013909500003,-73.990652528900000
629,40.769013848699998,-73.989930491099997
630,40.769013783299997,-73.989208453200007
631,40.769013713400000,-73.988486415400004
632,40.769013639000001,-73.987764377500000
633,40.769013559999998,-73.987042339699997
634,40.769013476600001,-73.986320301800006
635,40.769013388600001,-73.985598264000004
636,40.769013296099999,-73.984876226200001
637,40.769013199000000,-73.984154188299996
638,40.769013097500000,-73.983432150499993
639,40.769012991399997,-73.982710112700005
640,40.769563234600000,-73.999316977500001
641,40.769563181300001,-73.996428802300002
642,40.769563156700002,-73.995706758500006
643,40.769563127500000,-73.994984714699996
644,40.769563093800002,-73.994262670900000
645,40.769563055600003,-73.993540627100003
646,40.769563012799999,-73.992818583299993
647,40.769562965600002,-73.992096539499997
648,40.769562913800002,-73.991374495700001
649,40.769562857499999,-73.990652451900004
650,40.769562796599999,-73.989930408099994
651,40.769562731299999,-73.989208364299998
652,40.769562661400002,-73.988486320500002
653,40.769562587000003,-73.987764276700005
654,40.769562508000000,-73.987042232899995
655,40.769562424599997,-73.986320189099999
656,40.769562336600004,-73.985598145300003
657,40.769562147000002,-73.984154057699996
658,40.770112165000000,-73.997872872399995
659,40.770112104600003,-73.995706723100000
660,40.770112075400000,-73.994984673299996
661,40.770112041700003,-73.994262623599994
662,40.770112003500003,-73.993540573800004
663,40.770111960800001,-73.992818524100002
664,40.770111913500003,-73.992096474299998
665,40.770111861700002,-73.991374424599996
666,40.770111805399999,-73.990652374800007
667,40.770111744600001,-73.989930325100005
668,40.770111679199999,-73.989208275300001
669,40.770111609300002,-73.988486225599999
670,40.770111534900003,-73.987764175799995
671,40.770111456000002,-73.987042126099993
672,40.770661123899998,-73.998594910600005
673,40.770661023300001,-73.994984631999998
674,40.770660989600003,-73.994262576300002
675,40.770660951399996,-73.993540520600007
676,40.770660908700002,-73.992818464899997
677,40.770660861400003,-73.992096409200002
678,40.770660809600002,-73.991374353500007
679,40.770660753300000,-73.990652297799997
680,40.770660692500002,-73.989930242100002
681,40.770660627100000,-73.989208186300004
682,40.770660557200003,-73.988486130599995
683,40.770660482799997,-73.987764074899999
684,40.771210000400004,-73.995706652300001
685,40.771209971200001,-73.994984590700000
686,40.771209937499997,-73.994262528999997
687,40.771209899299997,-73.993540467299994
688,40.771209856500001,-73.992818405700007
689,40.771209809299997,-73.992096344000004
690,40.771209757500003,-73.991374282400002
691,40.771209701200000,-73.990652220699999
692,40.771209640300000,-73.989930158999996
693,40.771209574899999,-73.989208097399995
694,40.771209505000002,-73.988486035700006
695,40.771209430600003,-73.987763974100005
696,40.771209351700001,-73.987041912400002
697,40.771758992899997,-73.997150752200000
698,40.771758972800001,-73.996428684600005
699,40.771758948200002,-73.995706616899994
700,40.771758885300002,-73.994262481700005
701,40.771758847100003,-73.993540414099996
702,40.771758804299999,-73.992818346500002
703,40.771758757100002,-73.992096278899993
704,40.771758705300002,-73.991374211299998
705,40.771758648999999,-73.990652143700004
706,40.771758588099999,-73.989930075999993
707,40.771758522699997,-73.989208008399999
708,40.771758452900002,-73.988485940800004
709,40.771758378400001,-73.987763873199995
710,40.771758299500000,-73.987041805600001
711,40.772307940700003,-73.997150728700007
712,40.772307920599999,-73.996428655100004
713,40.772307833100001,-73.994262434400000
714,40.772307794800000,-73.993540360799997
715,40.772307752099998,-73.992818287299997
716,40.772307704799999,-73.992096213699995
717,40.772307652999999,-73.991374140199994
718,40.772307596700003,-73.990652066600006
719,40.772307535899998,-73.989929993000004
720,40.772307470500003,-73.989207919500004
721,40.772307400599999,-73.988485845900001
722,40.772856843600003,-73.995706546199997
723,40.772856742499997,-73.993540307600000
724,40.772856699800002,-73.992818228100006
725,40.772856652500003,-73.992096148599998
726,40.772856600700003,-73.991374069100004
727,40.772856544400000,-73.990651989499995
728,40.772856483600002,-73.989929910000001
729,40.773405762099998,-73.994984425300004
730,40.773405690200001,-73.993540254400003
731,40.773405647499999,-73.992818168900001
732,40.773405600200000,-73.992096083400000
733,40.773405548400000,-73.991373997899998
734,40.773405492099997,-73.990651912499999
735,40.773405431199997,-73.989929826999997
736,40.773405365899997,-73.989207741599998
737,40.773954595100001,-73.992818109699996
738,40.773954547800003,-73.992096018300003
739,40.773954496000002,-73.991373926799994
740,40.773954439699999,-73.990651835400001
741,40.773954378900001,-73.989929743999994
742,40.773954313499999,-73.989207652600001
743,40.774503542700003,-73.992818050500006
744,40.774503495399998,-73.992095953100005
745,40.774503443599997,-73.991373855700004
746,40.774503387300001,-73.990651758400006
747,40.774503326400001,-73.989929661000005
748,40.774503261100001,-73.989207563600004
749,40.774503191199997,-73.988485466300006
750,40.775052442899998,-73.992095887900007
751,40.775052391099997,-73.991373784600000
752,40.775052334800002,-73.990651681299994
753,40.775052273999997,-73.989929578000002
754,40.775052208600002,-73.989207474699995
755,40.775052138699998,-73.988485371300001
756,40.775601390399999,-73.992095822799996
757,40.775601338599998,-73.991373713499996
758,40.775601282300002,-73.990651604199996
759,40.775601221499997,-73.989929494999998
760,40.775601156100002,-73.989207385699999
761,40.775601086199998,-73.988485276399999
762,40.775601011799999,-73.987763167099999
763,40.776150286099998,-73.991373642400006
764,40.776150229700001,-73.990651527200001
765,40.776150168900003,-73.989929411899993
766,40.776150103500001,-73.989207296700002
767,40.776150033599997,-73.988485181499996
768,40.776149959199998,-73.987763066300005
769,40.776699233499997,-73.991373571300002
770,40.776699177099999,-73.990651450100003
771,40.776699116300001,-73.989929328900004
772,40.776699050900000,-73.989207207700005
773,40.777248124499998,-73.990651373000006